#HF transmitted power data for 2017-07-21
#HH:MM:SS.SSS, Tx1 , Tx2  , Tx3  , Tx4  , Tx5  , Tx6  , Rx1  , Rx2  , Rx3  , Rx4  , Rx5  , Rx6  , time to take sample

15:05:15.138,001328,001327,001327,001326,001325,001325,001327,001327,001327,001326,001325,001325,0.39310
15:05:15.536,001325,001325,001325,001326,001325,001325,001327,001325,001325,001326,001325,001325,0.37632
15:05:15.916,001325,001325,001325,001326,001325,001325,001327,001325,001325,001326,001325,001325,0.40235
15:05:15.916,001325,001325,001325,001326,001325,001325,001325,001325,001325,001326,001325,001325,0.40235
15:05:16.323,001327,001327,001327,001327,001327,001327,001325,001327,001327,001327,001327,001327,0.36898
15:05:16.696,001327,001327,001327,001327,001327,001327,001325,001327,001327,001327,001327,001327,0.38658
15:05:17.087,001327,001327,001327,001328,001328,001328,001325,001327,001327,001328,001328,001328,0.38484
15:05:17.476,001327,001328,001328,001328,001328,001328,001325,001328,001328,001328,001328,001328,0.39598
15:05:17.877,001325,001328,001328,001328,001328,001328,001325,001328,001328,001328,001328,001328,0.37542
15:05:18.271,001325,001328,001328,001328,001328,001328,001325,001328,001328,001328,001328,001328,0.39076
15:05:18.666,001325,001328,001328,001328,001328,001328,001328,001328,001328,001328,001328,001328,0.38639
15:05:19.056,001325,001328,001325,001326,001325,001325,001328,001328,001325,001326,001325,001325,0.37538
15:05:19.436,001325,001325,001325,001326,001325,001325,001328,001325,001325,001326,001325,001325,0.39040
15:05:19.831,001325,001325,001325,001326,001325,001325,001328,001325,001325,001326,001325,001325,0.37115
15:05:20.206,001328,001325,001325,001326,001325,001325,001328,001325,001325,001326,001325,001325,0.39206
15:05:20.602,000000,001325,001325,000000,001325,000000,001325,001325,001325,000000,001325,000000,0.38411
15:05:20.991,000000,001325,000000,000137,001327,001327,000000,001325,000000,000137,001327,001327,0.38111
15:05:21.376,000000,000000,001327,000137,001327,001327,000000,000000,001327,000137,001327,001327,0.37520
15:05:21.755,000000,001327,001327,000000,001327,000000,000000,001327,001327,000000,001327,000000,0.39703
15:05:22.158,001325,001325,001325,000000,000000,000000,001325,001325,001325,000000,000000,000000,0.38466
15:05:22.547,001325,001325,000000,000000,001325,001325,000000,001325,000000,000000,001325,001325,0.39463
15:05:22.945,000000,000000,000000,000000,000000,001327,000000,000000,000000,000000,000000,001327,0.41573
15:05:23.369,000000,001327,000000,000000,000000,001327,000000,001327,000000,000000,000000,001327,0.40978
15:05:23.783,001325,001327,000000,000000,000000,000000,001325,001327,000000,000000,000000,000000,0.38943
15:05:24.177,000000,001325,000000,000000,001325,001325,000000,001325,000000,000000,001325,001325,0.36482
15:05:24.546,000000,000000,000000,000137,001325,000000,000000,000000,000000,000137,001325,000000,0.36668
15:05:24.918,000000,000000,001328,000000,001328,001328,000000,000000,001328,000000,001328,001328,0.38457
15:05:25.307,000000,001328,000000,000137,001328,001328,000000,001328,000000,000137,001328,001328,0.37470
15:05:25.686,000000,001328,000000,000000,001328,001328,001325,001328,000000,000000,001328,001328,0.39600
15:05:26.086,001325,001328,000000,000000,000000,000000,000000,001328,000000,000000,000000,000000,0.42148
15:05:26.512,000000,000000,000000,000000,000000,001328,000000,000000,000000,000000,000000,001328,0.39025
15:05:26.906,000000,001327,000000,000000,000000,000000,001325,001327,000000,000000,000000,000000,0.37597
15:05:27.286,000000,001327,000000,000000,000000,000000,000000,001327,000000,000000,000000,000000,0.40599
15:05:27.698,001325,001327,000000,000000,000000,000000,001325,001327,000000,000000,000000,000000,0.37529
15:05:28.079,000000,001328,000000,000137,000000,000000,001325,001328,000000,000137,000000,000000,0.38366
15:05:28.475,001325,000000,000000,000000,000000,000000,000000,000000,000000,000000,000000,000000,0.39787
15:05:28.879,000000,000000,000000,000000,000000,000000,000000,000000,000000,000000,000000,000000,0.38396
15:05:29.268,001325,000000,001327,000000,001327,000000,000000,000000,001327,000000,001327,000000,0.38434
15:05:29.657,000000,001327,000000,000137,000000,000000,000000,001327,000000,000137,000000,000000,0.37573
15:05:30.037,000000,000000,000000,000000,000000,000000,001325,000000,000000,000000,000000,000000,0.39158
15:05:30.432,000000,001325,001325,000137,000000,001325,000000,001325,001325,000137,000000,001325,0.38876
15:05:30.825,000000,001325,000000,000000,000000,001325,000000,001325,000000,000000,000000,001325,0.40627
15:05:31.236,000000,001325,000000,000000,000000,000000,000000,001325,000000,000000,000000,000000,0.41283
15:05:31.653,000000,000000,001327,000000,000000,000000,001325,000000,001327,000000,000000,000000,0.38984
15:05:32.047,001325,001327,001327,000000,001327,001327,000000,001327,001327,000000,001327,001327,0.39490
15:05:32.446,000000,000000,000000,000000,001327,000000,000000,000000,000000,000000,001327,000000,0.40611
15:05:32.856,000000,001327,001327,000000,001327,001327,000000,001327,001327,000000,001327,001327,0.40237
15:05:33.263,001325,000000,001327,000137,001327,000000,000000,000000,001327,000137,001327,000000,0.38980
15:05:33.693,000000,000000,000000,000137,000000,001327,000000,000000,000000,000137,000000,001327,0.41856
15:05:34.116,000000,001327,000000,000000,001327,000000,001325,001327,000000,000000,001327,000000,0.36641
15:05:34.492,001325,000000,000000,000137,001328,001328,000000,000000,000000,000137,001328,001328,0.37950
15:05:34.876,000000,000000,000000,000137,001328,000000,000000,000000,000000,000137,001328,000000,0.39775
15:05:35.279,000000,001328,000000,000137,000000,001325,000000,001328,000000,000137,000000,001325,0.39251
15:05:35.676,000000,001325,000000,000137,000000,001325,000000,001325,000000,000137,000000,001325,0.38586
15:05:36.066,001325,001325,000000,000000,001325,000000,001325,001325,000000,000000,001325,000000,0.42246
15:05:36.492,000000,000000,001327,000000,000000,000000,000000,000000,001327,000000,000000,000000,0.37991
15:05:36.876,000000,001327,001327,000000,000000,000000,000000,001327,001327,000000,000000,000000,0.38604
15:05:37.267,000000,001327,000000,000137,000000,001325,000000,001327,000000,000137,000000,001325,0.38547
15:05:37.656,001325,001325,001325,000000,001325,000000,000000,001325,001325,000000,001325,000000,0.37621
15:05:38.037,000000,001325,000000,000137,000000,000000,001325,001325,000000,000137,000000,000000,0.37582
15:05:38.417,000000,000000,000000,000137,000000,000000,000000,000000,000000,000137,000000,000000,0.40663
15:05:38.831,000000,000000,000000,000000,000000,001327,000000,000000,000000,000000,000000,001327,0.39088
15:05:39.226,000000,001327,001327,000000,000000,001328,001325,001327,001327,000000,000000,001328,0.38371
15:05:39.614,001325,000000,001328,000000,001328,001328,000000,000000,001328,000000,001328,001328,0.37840
15:05:39.996,000000,001328,001328,000137,001328,001328,000000,001328,001328,000137,001328,001328,0.37558
15:05:40.376,000000,000000,000000,000000,000000,001327,000000,000000,000000,000000,000000,001327,0.39545
15:05:40.776,001325,001327,000000,000137,001327,001327,000000,001327,000000,000137,001327,001327,0.40601
15:05:41.186,000000,000000,000000,000000,000000,001327,001325,000000,000000,000000,000000,001327,0.38513
15:05:41.575,000000,001327,001327,000137,001327,001327,000000,001327,001327,000137,001327,001327,0.39642
15:05:41.976,001325,001327,001327,000137,001327,000000,000000,001327,001327,000137,001327,000000,0.37658
15:05:42.357,000000,001327,001327,000000,000000,000000,000000,001327,001327,000000,000000,000000,0.37625
15:05:42.738,000000,001327,000000,000137,000000,000000,000000,001327,000000,000137,000000,000000,0.38426
15:05:43.128,001325,000000,001327,000000,001327,000000,001327,000000,001327,000000,001327,000000,0.38059
15:05:43.513,000000,001327,000000,000000,001327,001327,000000,001327,000000,000000,001327,001327,0.37823
15:05:43.904,001327,000000,000000,000000,001325,000000,000000,000000,000000,000000,001325,000000,0.41434
15:05:44.323,000000,001325,000000,000000,000000,000000,000000,001325,000000,000000,000000,000000,0.41613
15:05:44.743,001325,000000,000000,000000,000000,000000,001327,000000,000000,000000,000000,000000,0.38619
15:05:45.133,000000,001327,001327,000137,000000,000000,000000,001327,001327,000137,000000,000000,0.41939
15:05:45.558,000000,000000,001327,000000,000000,000000,000000,000000,001327,000000,000000,000000,0.37384
15:05:45.936,000000,001327,000000,000000,000000,000000,001327,001327,000000,000000,000000,000000,0.37511
15:05:46.315,000000,000000,000000,000000,001325,001325,000000,000000,000000,000000,001325,001325,0.39573
15:05:46.715,001325,000000,000000,000000,000000,001325,001325,000000,000000,000000,000000,001325,0.40704
15:05:47.127,000000,000000,000000,000000,000000,001325,000000,000000,000000,000000,000000,001325,0.39464
15:05:47.525,000000,001325,000000,000000,000000,001325,000000,001325,000000,000000,000000,001325,0.38597
15:05:47.916,000000,001325,000000,000000,001327,001327,000000,001325,000000,000000,001327,001327,0.42686
15:05:48.348,001325,001327,000000,000000,001327,001327,000000,001327,000000,000000,001327,001327,0.38392
15:05:48.736,000000,000000,000000,000000,000000,000000,000000,000000,000000,000000,000000,000000,0.39558
15:05:49.136,000000,001327,000000,000000,000000,000000,000000,001327,000000,000000,000000,000000,0.41632
15:05:49.556,000000,000000,001327,000000,000000,001327,000000,000000,001327,000000,000000,001327,0.36489
15:05:49.926,000000,000000,000000,000137,001327,000000,001327,000000,000000,000137,001327,000000,0.36777
15:05:50.299,001327,001327,001327,000137,000000,001327,000000,001327,001327,000137,000000,001327,0.36206
15:05:50.665,000000,000000,001327,000000,000000,000000,000000,000000,001327,000000,000000,000000,0.38745
15:05:51.058,000000,001327,000000,000137,001327,000000,001325,001327,000000,000137,001327,000000,0.35419
15:05:51.417,000000,000000,001327,000137,000000,000000,000000,000000,001327,000137,000000,000000,0.40571
15:05:51.828,000000,001327,001327,000000,001327,000000,000000,001327,001327,000000,001327,000000,0.38487
15:05:52.218,001325,000000,000000,000137,001327,001327,001325,000000,000000,000137,001327,001327,0.39076
15:05:52.613,000000,000000,000000,000000,000000,000000,000000,000000,000000,000000,000000,000000,0.39894
15:05:53.017,000000,001327,001327,000000,000000,001327,000000,001327,001327,000000,000000,001327,0.36521
15:05:53.386,000000,000000,000000,000137,000000,000000,000000,000000,000000,000137,000000,000000,0.40246
15:05:53.793,000000,001328,001328,000000,001328,000000,000000,001328,001328,000000,001328,000000,0.36961
15:05:54.176,000000,000000,000000,000000,001328,001328,001325,000000,000000,000000,001328,001328,0.38578
15:05:54.566,001327,001328,000000,000000,000000,001325,000000,001328,000000,000000,000000,001325,0.41550
15:05:54.986,001327,000000,001325,000000,001325,001325,000000,000000,001325,000000,001325,001325,0.37575
15:05:55.366,001327,001325,000000,000000,000000,000000,001325,001325,000000,000000,000000,000000,0.39695
15:05:55.768,000000,001327,001327,000137,001327,001327,000000,001327,001327,000137,001327,001327,0.38340
15:05:56.155,000000,001327,001327,000137,001327,000000,000000,001327,001327,000137,001327,000000,0.36698
15:05:56.528,000000,001327,000000,000000,000000,001327,001325,001327,000000,000000,000000,001327,0.39329
15:05:56.925,000000,001327,000000,000137,000000,000000,000000,001327,000000,000137,000000,000000,0.36712
15:05:57.298,000000,000000,000000,000000,001327,001327,000000,000000,000000,000000,001327,001327,0.39345
15:05:57.696,001327,001327,000000,000000,001327,001327,000000,001327,000000,000000,001327,001327,0.38490
15:05:58.085,000000,000000,001327,000137,001327,000000,000000,000000,001327,000137,001327,000000,0.39775
15:05:58.488,000000,000000,001327,000137,001327,000000,000000,000000,001327,000137,001327,000000,0.39488
15:05:58.889,000000,000000,000000,000000,001327,000000,000000,000000,000000,000000,001327,000000,0.39411
15:05:59.290,000000,000000,000000,000000,000000,000000,001325,000000,000000,000000,000000,000000,0.37264
15:05:59.668,000000,001327,000000,000137,000000,001327,000000,001327,000000,000137,000000,001327,0.38446
15:06:00.057,000000,001327,001327,000000,001327,000000,000000,001327,001327,000000,001327,000000,0.37562
15:06:00.437,001327,001327,000000,000000,000000,001325,000000,001327,000000,000000,000000,001325,0.41560
15:06:00.857,000000,001325,000000,000000,000000,000000,000000,001325,000000,000000,000000,000000,0.40622
15:06:01.269,000000,001325,000000,000137,001328,001328,000000,001325,000000,000137,001328,001328,0.39285
15:06:01.666,001327,001328,000000,000000,000000,001328,001325,001328,000000,000000,000000,001328,0.38563
15:06:02.056,000000,001328,000000,000137,000000,001328,000000,001328,000000,000137,000000,001328,0.39690
15:06:02.457,000000,000000,000000,000000,000000,000000,000000,000000,000000,000000,000000,000000,0.36623
15:06:02.829,001327,000000,000000,000000,001325,001325,000000,000000,000000,000000,001325,001325,0.39316
15:06:03.226,000000,000000,000000,000137,000000,000000,000000,000000,000000,000137,000000,000000,0.37666
15:06:03.608,000000,001327,001327,000000,001327,000000,000000,001327,001327,000000,001327,000000,0.37422
15:06:03.988,001327,001327,000000,000137,001327,001327,001325,001327,000000,000137,001327,001327,0.39313
15:06:04.389,001327,001327,001327,000000,000000,001327,000000,001327,001327,000000,000000,001327,0.40443
15:06:04.798,001327,001327,001327,000137,001327,001327,000000,001327,001327,000137,001327,001327,0.38439
15:06:05.186,000000,000000,000000,000000,001327,001327,001325,000000,000000,000000,001327,001327,0.41516
15:06:05.605,000000,000000,000000,000000,000000,000000,000000,000000,000000,000000,000000,000000,0.38676
15:06:05.996,000000,001327,001327,000000,001327,001327,000000,001327,001327,000000,001327,001327,0.39521
15:06:06.396,001325,001327,001327,000000,001327,001327,000000,001327,001327,000000,001327,001327,0.38503
15:06:06.785,000000,000000,000000,000000,000000,001327,000000,000000,000000,000000,000000,001327,0.40656
15:06:07.196,000000,001327,001328,000000,001328,001328,000000,001327,001328,000000,001328,001328,0.38482
15:06:07.586,000000,000000,001328,000000,000000,000000,000000,000000,001328,000000,000000,000000,0.41186
15:06:08.002,000000,001328,000000,000000,000000,001329,001325,001328,000000,000000,000000,001329,0.36904
15:06:08.376,001327,000000,000000,000137,000000,001329,000000,000000,000000,000137,000000,001329,0.40317
15:06:08.783,000000,001329,000000,000137,001329,001329,000000,001329,000000,000137,001329,001329,0.36401
15:06:09.151,000000,001328,001328,000137,000000,000000,000000,001328,001328,000137,000000,000000,0.39201
15:06:09.550,000000,000000,000000,000000,001328,000000,001325,000000,000000,000000,001328,000000,0.39229
15:06:09.948,001327,000000,000000,000000,000000,000000,000000,000000,000000,000000,000000,000000,0.39451
15:06:10.347,000000,000000,000000,000000,001328,000000,000000,000000,000000,000000,001328,000000,0.39561
15:06:10.747,000000,001328,000000,000000,000000,000000,000000,001328,000000,000000,000000,000000,0.37578
15:06:11.126,000000,001327,000000,000000,000000,001327,000000,001327,000000,000000,000000,001327,0.38469
15:06:11.515,000000,000000,000000,000000,000000,001327,000000,000000,000000,000000,000000,001327,0.39584
15:06:11.916,001327,000000,000000,000000,000000,000000,000000,000000,000000,000000,000000,000000,0.39288
15:06:12.312,000000,000000,000000,000000,001325,000000,001325,000000,000000,000000,001325,000000,0.38022
15:06:12.698,000000,001325,000000,000000,000000,000000,000000,001325,000000,000000,000000,000000,0.37432
15:06:13.077,001327,000000,000000,000000,000000,001327,000000,000000,000000,000000,000000,001327,0.38573
15:06:13.468,001327,001327,000000,000000,001327,001327,001327,001327,000000,000000,001327,001327,0.38384
15:06:13.856,000000,000000,000000,000000,000000,001327,000000,000000,000000,000000,000000,001327,0.41711
15:06:14.277,001327,000000,000000,000000,000000,001327,000000,000000,000000,000000,000000,001327,0.40393
15:06:14.694,000000,000000,000000,000000,000000,001327,001327,000000,000000,000000,000000,001327,0.40792
15:06:15.106,000000,000000,000000,000000,000000,000000,000000,000000,000000,000000,000000,000000,0.40289
15:06:15.512,000000,000000,000000,000000,000000,000000,000000,000000,000000,000000,000000,000000,0.38899
15:06:15.906,000000,000000,000000,000000,000000,000000,000000,000000,000000,000000,000000,000000,0.38685
15:06:16.298,000000,000000,000000,000000,000000,000000,000000,000000,000000,000000,000000,000000,0.38438
15:06:16.687,000000,000000,000000,000000,000000,000000,000000,000000,000000,000000,000000,000000,0.40662
15:06:17.099,000000,000000,000000,000000,000000,000000,000000,000000,000000,000000,000000,000000,0.38399
15:06:17.487,000000,000000,000000,000000,000000,000000,000000,000000,000000,000000,000000,000000,0.38556
15:06:17.877,000000,000000,000000,000000,000000,000000,000000,000000,000000,000000,000000,000000,0.41101
15:06:18.292,000000,000000,000000,000000,000000,000000,000000,000000,000000,000000,000000,000000,0.40033
15:06:18.697,000000,000000,000000,000000,000000,000000,000000,000000,000000,000000,000000,000000,0.38515
15:06:19.086,000000,000000,000000,000000,000000,000000,000000,000000,000000,000000,000000,000000,0.40650
15:06:19.498,000000,000000,000000,000000,000000,000000,000000,000000,000000,000000,000000,000000,0.38417
15:06:19.893,000000,000000,000000,000000,000000,000000,000000,000000,000000,000000,000000,000000,0.40943
15:06:20.307,000000,000000,000000,000000,000000,000000,000000,000000,000000,000000,000000,000000,0.40577
15:06:20.717,000000,000000,000000,000000,000000,000000,000000,000000,000000,000000,000000,000000,0.41653
15:06:21.139,000000,000000,000000,000000,000000,000000,000000,000000,000000,000000,000000,000000,0.38357
15:06:21.527,000000,000000,000000,000000,000000,000000,000000,000000,000000,000000,000000,000000,0.40577
15:06:21.938,000000,000000,000000,000000,000000,000000,000000,000000,000000,000000,000000,000000,0.37416
15:06:22.316,000000,000000,000000,000000,000000,000000,000000,000000,000000,000000,000000,000000,0.43896
15:06:22.759,000000,000000,000000,000000,000000,000000,000000,000000,000000,000000,000000,000000,0.39365
15:06:23.158,000000,000000,000000,000000,000000,000000,000000,000000,000000,000000,000000,000000,0.39403
15:06:23.557,000000,000000,000000,000000,000000,000000,000000,000000,000000,000000,000000,000000,0.38546
15:06:23.946,000000,000000,000000,000000,000000,000000,000000,000000,000000,000000,000000,000000,0.39586
15:06:24.346,000000,000000,000000,000000,000000,000000,000000,000000,000000,000000,000000,000000,0.38611
15:06:24.738,000000,000000,000000,000000,000000,000000,000000,000000,000000,000000,000000,000000,0.38487
15:06:25.129,000000,000000,000000,000000,000000,000000,000000,000000,000000,000000,000000,000000,0.38353
15:06:25.517,000000,000000,000000,000000,000000,000000,000000,000000,000000,000000,000000,000000,0.41592
15:06:25.938,000000,000000,000000,000000,000000,000000,000000,000000,000000,000000,000000,000000,0.39446
15:06:26.337,000000,000000,000000,000000,000000,000000,000000,000000,000000,000000,000000,000000,0.43176
15:06:26.773,000000,000000,000000,000000,000000,000000,000000,000000,000000,000000,000000,000000,0.40942
15:06:27.186,000000,000000,000000,000000,000000,000000,000000,000000,000000,000000,000000,000000,0.38623
15:06:27.578,000000,000000,000000,000000,000000,000000,000000,000000,000000,000000,000000,000000,0.43041
15:06:28.012,000000,000000,000000,000000,000000,000000,000000,000000,000000,000000,000000,000000,0.40015
15:06:28.417,000000,000000,000000,000000,000000,000000,000000,000000,000000,000000,000000,000000,0.40569
15:06:28.826,000000,000000,000000,000000,000000,000000,000000,000000,000000,000000,000000,000000,0.39599
15:06:29.228,000000,000000,000000,000000,000000,000000,000000,000000,000000,000000,000000,000000,0.37457
15:06:29.608,000000,000000,000000,000000,000000,000000,000000,000000,000000,000000,000000,000000,0.40449
15:06:30.017,000000,000000,000000,000000,000000,000000,000000,000000,000000,000000,000000,000000,0.38557
15:06:30.413,000000,000000,000000,000000,000000,000000,000000,000000,000000,000000,000000,000000,0.41989
15:06:30.839,000000,000000,000000,000000,000000,000000,000000,000000,000000,000000,000000,000000,0.39395
15:06:31.237,000000,000000,000000,000000,000000,000000,000000,000000,000000,000000,000000,000000,0.38580
15:06:31.628,000000,000000,000000,000000,000000,000000,000000,000000,000000,000000,000000,000000,0.39396
15:06:32.026,000000,000000,000000,000000,000000,000000,000000,000000,000000,000000,000000,000000,0.39623
15:06:32.428,000000,000000,000000,000000,000000,000000,000000,000000,000000,000000,000000,000000,0.39406
15:06:32.827,000000,000000,000000,000000,000000,000000,000000,000000,000000,000000,000000,000000,0.39580
15:06:33.227,000000,000000,000000,000000,000000,000000,000000,000000,000000,000000,000000,000000,0.39570
15:06:33.628,000000,000000,000000,000000,000000,000000,000000,000000,000000,000000,000000,000000,0.40473
15:06:34.038,000000,000000,000000,000000,000000,000000,000000,000000,000000,000000,000000,000000,0.39500
15:06:34.439,000000,000000,000000,000000,000000,000000,000000,000000,000000,000000,000000,000000,0.38203
15:06:34.825,000000,000000,000000,000000,000000,000000,000000,000000,000000,000000,000000,000000,0.37426
15:06:35.204,000000,000000,000000,000000,000000,000000,000000,000000,000000,000000,000000,000000,0.41891
15:06:35.634,000000,000000,000000,000000,000000,000000,000000,000000,000000,000000,000000,000000,0.38857
15:06:36.026,000000,000000,000000,000000,000000,000000,000000,000000,000000,000000,000000,000000,0.39635
15:06:36.427,000000,000000,000000,000000,000000,000000,000000,000000,000000,000000,000000,000000,0.38567
15:06:36.818,000000,000000,000000,000000,000000,000000,000000,000000,000000,000000,000000,000000,0.40464
15:06:37.227,000000,000000,000000,000000,000000,000000,000000,000000,000000,000000,000000,000000,0.42176
15:06:37.652,000000,000000,000000,000000,000000,000000,000000,000000,000000,000000,000000,000000,0.40073
15:06:38.059,000000,000000,000000,000000,000000,000000,000000,000000,000000,000000,000000,000000,0.39383
15:06:38.458,000000,000000,000000,000000,000000,000000,000000,000000,000000,000000,000000,000000,0.39473
15:06:38.858,000000,000000,000000,000000,000000,000000,000000,000000,000000,000000,000000,000000,0.36474
15:06:39.228,000000,000000,000000,000000,000000,000000,000000,000000,000000,000000,000000,000000,0.39412
15:06:39.627,000000,000000,000000,000000,000000,000000,000000,000000,000000,000000,000000,000000,0.38501
15:06:40.016,000000,000000,000000,000000,000000,000000,000000,000000,000000,000000,000000,000000,0.40677
15:06:40.428,000000,000000,000000,000000,000000,000000,000000,000000,000000,000000,000000,000000,0.38421
15:06:40.824,000000,000000,000000,000000,000000,000000,000000,000000,000000,000000,000000,000000,0.40886
15:06:41.238,000000,000000,000000,000000,000000,000000,000000,000000,000000,000000,000000,000000,0.39427
15:06:41.637,000000,000000,000000,000000,000000,000000,000000,000000,000000,000000,000000,000000,0.40659
15:06:42.049,000000,000000,000000,000000,000000,000000,000000,000000,000000,000000,000000,000000,0.38331
15:06:42.436,000000,000000,000000,000000,000000,000000,000000,000000,000000,000000,000000,000000,0.41637
15:06:42.858,000000,000000,000000,000000,000000,000000,000000,000000,000000,000000,000000,000000,0.38470
15:06:43.249,000000,000000,000000,000000,000000,000000,000000,000000,000000,000000,000000,000000,0.37389
15:06:43.628,000000,000000,000000,000000,000000,000000,000000,000000,000000,000000,000000,000000,0.37411
15:06:44.006,000000,000000,000000,000000,000000,000000,000000,000000,000000,000000,000000,000000,0.41615
15:06:44.427,000000,000000,000000,000000,000000,000000,000000,000000,000000,000000,000000,000000,0.35685
15:06:44.789,000000,000000,000000,000000,000000,000000,000000,000000,000000,000000,000000,000000,0.37311
15:06:45.168,000000,000000,000000,000000,000000,000000,000000,000000,000000,000000,000000,000000,0.37427
15:06:45.547,000000,000000,000000,000000,000000,000000,000000,000000,000000,000000,000000,000000,0.40577
15:06:45.965,000000,000000,000000,000000,000000,000000,000000,000000,000000,000000,000000,000000,0.39743
15:06:46.366,000000,000000,000000,000000,000000,000000,000000,000000,000000,000000,000000,000000,0.41617
15:06:46.788,000000,000000,000000,000000,000000,000000,000000,000000,000000,000000,000000,000000,0.37409
15:06:47.167,000000,000000,000000,000000,000000,000000,000000,000000,000000,000000,000000,000000,0.38557
15:06:47.557,000000,000000,000000,000000,000000,000000,000000,000000,000000,000000,000000,000000,0.40547
15:06:47.967,000000,000000,000000,000000,000000,000000,000000,000000,000000,000000,000000,000000,0.39615
15:06:48.368,000000,000000,000000,000000,000000,000000,000000,000000,000000,000000,000000,000000,0.37363
15:06:48.746,000000,000000,000000,000000,000000,000000,000000,000000,000000,000000,000000,000000,0.39650
15:06:49.148,000000,000000,000000,000000,000000,000000,000000,000000,000000,000000,000000,000000,0.38449
15:06:49.537,000000,000000,000000,000000,000000,000000,000000,000000,000000,000000,000000,000000,0.38563
15:06:49.928,000000,000000,000000,000000,000000,000000,000000,000000,000000,000000,000000,000000,0.38475
15:06:50.318,000000,000000,000000,000000,000000,000000,000000,000000,000000,000000,000000,000000,0.40419
15:06:50.727,000000,000000,000000,000000,000000,000000,000000,000000,000000,000000,000000,000000,0.41654
15:06:51.149,000000,000000,000000,000000,000000,000000,000000,000000,000000,000000,000000,000000,0.38322
15:06:51.538,000000,000000,000000,000000,000000,000000,000000,000000,000000,000000,000000,000000,0.40484
15:06:51.948,000000,000000,000000,000000,000000,000000,000000,000000,000000,000000,000000,000000,0.38482
15:06:52.339,000000,000000,000000,000000,000000,000000,000000,000000,000000,000000,000000,000000,0.40463
15:06:52.749,000000,000000,000000,000000,000000,000000,000000,000000,000000,000000,000000,000000,0.40405
15:06:53.158,000000,000000,000000,000000,000000,000000,000000,000000,000000,000000,000000,000000,0.37389
15:06:53.537,000000,000000,000000,000000,000000,000000,000000,000000,000000,000000,000000,000000,0.38593
15:06:53.927,000000,000000,000000,000000,000000,000000,000000,000000,000000,000000,000000,000000,0.42595
15:06:54.357,000000,000000,000000,000000,000000,000000,000000,000000,000000,000000,000000,000000,1.36575
15:06:55.728,000000,000000,000000,000000,000000,000000,000000,000000,000000,000000,000000,000000,0.39450
15:06:56.128,000000,000000,000000,000000,000000,000000,000000,000000,000000,000000,000000,000000,0.37819
15:06:56.520,000000,000000,000000,000000,000000,000000,000000,000000,000000,000000,000000,000000,0.41259
15:06:56.938,000000,000000,000000,000000,000000,000000,000000,000000,000000,000000,000000,000000,0.38428
15:06:57.327,000000,000000,000000,000000,000000,000000,000000,000000,000000,000000,000000,000000,0.40580
15:06:57.738,000000,000000,000000,000000,000000,000000,000000,000000,000000,000000,000000,000000,0.37459
15:06:58.119,000000,000000,000000,000000,000000,000000,000000,000000,000000,000000,000000,000000,0.40388
15:06:58.528,000000,000000,000000,000000,000000,000000,000000,000000,000000,000000,000000,000000,0.37464
15:06:58.908,000000,000000,000000,000000,000000,000000,000000,000000,000000,000000,000000,000000,0.38466
15:06:59.298,000000,000000,000000,000000,000000,000000,000000,000000,000000,000000,000000,000000,0.38407
15:06:59.686,000000,000000,000000,000000,000000,000000,000000,000000,000000,000000,000000,000000,0.38619
15:07:00.078,000000,000000,000000,000000,000000,000000,000000,000000,000000,000000,000000,000000,0.37432
15:07:00.456,000000,000000,000000,000000,000000,000000,000000,000000,000000,000000,000000,000000,0.41623
15:07:00.878,000000,000000,000000,000000,000000,000000,000000,000000,000000,000000,000000,000000,0.41488
15:07:01.298,000000,000000,000000,000000,000000,000000,000000,000000,000000,000000,000000,000000,0.39436
15:07:01.704,000000,000000,000000,000000,000000,000000,000000,000000,000000,000000,000000,000000,0.37426
15:07:02.083,000000,000000,000000,000000,000000,000000,000000,000000,000000,000000,000000,000000,0.40998
15:07:02.498,000000,000000,000000,000000,000000,000000,000000,000000,000000,000000,000000,000000,0.38395
15:07:02.888,000000,000000,000000,000000,000000,000000,000000,000000,000000,000000,000000,000000,0.39110
15:07:03.283,000000,000000,000000,000000,000000,000000,000000,000000,000000,000000,000000,000000,0.37881
15:07:03.667,000000,000000,000000,000000,000000,000000,000000,000000,000000,000000,000000,000000,0.38612
15:07:04.058,000000,000000,000000,000000,000000,000000,000000,000000,000000,000000,000000,000000,0.37395
15:07:04.437,000000,000000,000000,000000,000000,000000,000000,000000,000000,000000,000000,000000,0.43668
15:07:04.879,000000,000000,000000,000000,000000,000000,000000,000000,000000,000000,000000,000000,0.38423
15:07:05.268,000000,000000,000000,000000,000000,000000,000000,000000,000000,000000,000000,000000,0.40472
15:07:05.679,000000,000000,000000,000000,000000,000000,000000,000000,000000,000000,000000,000000,0.43186
15:07:06.115,000000,000000,000000,000000,000000,000000,000000,000000,000000,000000,000000,000000,0.39391
15:07:06.513,000000,000000,000000,000000,000000,000000,000000,000000,000000,000000,000000,000000,0.39543
15:07:06.919,000000,000000,000000,000000,000000,000000,000000,000000,000000,000000,000000,000000,0.38182
15:07:07.305,000000,000000,000000,000000,000000,000000,000000,000000,000000,000000,000000,000000,0.38825
15:07:07.699,000000,000000,000000,000000,000000,000000,000000,000000,000000,000000,000000,000000,0.39388
15:07:08.097,000000,000000,000000,000000,000000,000000,000000,000000,000000,000000,000000,000000,0.38512
15:07:08.486,000000,000000,000000,000000,000000,000000,000000,000000,000000,000000,000000,000000,0.39636
