#HF transmitted power data for 2017-07-07
#HH:MM:SS.SSS, Tx1 , Rx1  , Tx2  , Rx2  , Tx3  , Rx3  , Tx4  , Rx4  , Tx5  , Rx5  , Tx6  , Rx6  , time to take sample

20:18:25.710,
20:18:47.762,000000,000000,000000,000000,000000,000000,000000,000000,000000,000000,000000,000000,0.54719
20:18:48.311,000000,000000,000000,000000,000000,000000,000000,000000,000000,000000,000000,000000,0.41796
20:19:04.646,000000,000000,001029,000000,000000,000000,000000,000000,000000,000000,000000,000000,0.53322
20:19:05.181,000000,000000,000000,000000,000000,000000,000000,000000,000000,000000,000000,000000,0.41429
20:21:18.278,000000,000000,000000,000000,000000,000000,000000,000000,000000,000000,000000,000000,0.42433
20:21:18.782,000000,000000,000000,000000,000000,000000,000000,000000,000000,000000,000000,000000,0.42038
20:21:44.030,000000,000000,000000,000000,000000,000000,000000,000000,000000,000000,000000,000000,0.42446
20:21:44.534,000000,000000,000000,000000,000000,000000,000000,000000,000000,000000,000000,000000,0.42856
20:21:45.038,000000,000000,000000,000000,000000,000000,000000,000000,000000,000000,000000,000000,0.42610
20:21:45.541,000000,000000,000000,000000,000000,000000,000000,000000,000000,000000,000000,000000,0.41095
20:21:46.045,000000,000000,000000,000000,000000,000000,000000,000000,000000,000000,000000,000000,0.42722
20:22:08.270,000000,000000,000000,000000,000000,000000,000000,000000,000000,000000,000000,000000,0.54526
20:22:08.818,000000,000000,000000,000000,000000,000000,000000,000000,000000,000000,000000,000000,0.43411
20:22:09.321,000000,000000,000000,000000,000000,000000,000000,000000,000000,000000,000000,000000,0.42094
20:22:09.825,000000,000000,000000,000000,000000,000000,000000,000000,000000,000000,000000,000000,0.41622
20:22:10.329,000000,000000,001030,000000,000000,000000,000000,000000,000000,000000,000000,000000,0.44220
20:22:10.833,000000,000000,000000,000000,000000,000000,000000,000000,000000,000000,000000,000000,0.42600
20:22:11.337,000000,000000,000000,000000,000000,000000,000000,000000,000000,000000,000000,000000,0.41499
20:22:11.840,000000,000000,000000,000000,000000,000000,000000,000000,000000,000000,000000,000000,0.44107
20:22:12.344,000000,000000,000000,000000,000000,000000,000000,000000,000000,000000,000000,000000,0.43113
20:22:12.848,000000,000000,000000,000000,000000,000000,000000,000000,000000,000000,000000,000000,0.43442
20:22:13.352,000000,000000,000000,000000,000000,000000,000000,000000,000000,000000,000000,000000,0.41565
20:22:13.856,000000,000000,000000,000000,000000,000000,000000,000000,000000,000000,000000,000000,0.41188
20:22:14.360,000000,000000,000000,000000,000000,000000,000000,000000,000000,000000,000000,000000,0.40279
20:22:14.863,000000,000000,000000,000000,000000,000000,000000,000000,000000,000000,000000,000000,0.41715
20:22:15.367,000000,000000,000000,000000,000000,000000,000000,000000,000000,000000,000000,000000,0.42047
20:22:15.871,000000,000000,000000,000000,000000,000000,000000,000000,000000,000000,000000,000000,0.42146
20:23:17.555,000378,000298,000234,000000,000379,000000,000191,000000,000380,000000,000000,000000,0.54287
20:23:18.099,000379,000299,000237,000000,000379,000000,000191,000000,000380,000000,000000,000000,0.41179
20:23:18.603,000377,000300,000235,000000,000378,000000,000190,000000,000380,000000,000000,000000,0.42152
20:23:19.107,000375,000298,000235,000000,000381,000000,000191,000000,000380,000000,000000,000000,0.40414
20:23:19.611,000377,000299,000236,000000,000380,000000,000190,000000,000381,000000,000000,000000,0.42587
20:23:20.115,000375,000300,000236,000000,000377,000000,000191,000000,000380,000000,000000,000000,0.42994
20:23:20.619,000376,000304,000239,000000,000383,000000,000190,000000,000386,000000,000000,000000,0.42822
20:23:21.122,000384,000306,000239,000000,000387,000000,000194,000000,000386,000000,000000,000000,0.41995
20:23:21.626,000383,000303,000239,000000,000385,000000,000194,000000,000386,000000,000000,000000,0.41619
20:23:22.130,000381,000304,000239,000000,000384,000000,000194,000000,000386,000000,000000,000000,0.40193
20:23:22.633,000385,000305,000240,000000,000383,000000,000194,000000,000386,000000,000000,000000,0.39445
20:23:23.137,000383,000305,000238,000000,000385,000000,000194,000000,000386,000000,000000,000000,0.43412
20:23:23.641,000383,000302,000240,000000,000385,000000,000194,000000,000386,000000,000000,000000,0.40183
20:23:24.144,000382,000305,000240,000000,000385,000000,000194,000000,000387,000000,000000,000000,0.40695
20:23:24.648,000384,000305,000239,000000,000385,000000,000194,000000,000386,000000,000000,000000,0.42324
20:23:25.152,000383,000305,000239,000000,000386,000000,000194,000000,000387,000000,000000,000000,0.45041
20:23:25.655,000384,000308,000239,000000,000385,000000,000194,000000,000386,000000,000000,000000,0.42861
20:23:26.159,000385,000303,000241,000000,000382,000000,000194,000000,000386,000000,000000,000000,0.43829
20:23:26.663,000385,000305,000238,000000,000385,000000,000195,000000,000386,000000,000000,000000,0.42829
20:23:27.167,000383,000306,000239,000000,000383,000000,000194,000000,000386,000000,000000,000000,0.42986
20:23:27.670,000382,000306,000238,000000,000385,000000,000194,000000,000385,000000,000000,000000,0.44380
20:23:28.181,000380,000304,000239,000000,000383,000000,000194,000000,000386,000000,000000,000000,0.43040
20:23:28.685,000382,000304,000239,000000,000382,000000,000194,000000,000386,000000,000000,000000,0.42663
20:28:10.687,000387,000309,000242,000000,000390,000000,000197,000000,000391,000000,000000,000000,0.51741
20:28:11.208,000387,000309,000243,000000,000389,000000,000197,000000,000390,000000,000000,000000,0.41599
20:28:11.711,000386,000308,000243,000000,000390,000000,000197,000000,000390,000000,000000,000000,0.43220
20:28:12.230,000386,000305,000241,000000,000389,000000,000196,000000,000390,000000,000000,000000,0.40303
20:28:12.734,000387,000309,000242,000000,000388,000000,000197,000000,000391,000000,000000,000000,0.40948
20:28:13.238,000389,000308,000241,000000,000389,000000,000197,000000,000391,000000,000000,000000,0.42866
20:28:13.742,000386,000310,000240,000000,000392,000000,000197,000000,000390,000000,000000,000000,0.41096
20:28:14.246,000387,000307,000242,000000,000391,000000,000196,000000,000391,000000,000000,000000,0.41716
20:28:14.749,000388,000307,000243,000000,000390,000000,000196,000000,000390,000000,000000,000000,0.41461
20:28:15.253,000386,000308,000241,000000,000389,000000,000196,000000,000390,000000,000000,000000,0.42057
20:28:15.757,000390,000309,000242,000000,000389,000000,000197,000000,000390,000000,000000,000000,0.42691
20:28:16.260,000388,000310,000241,000000,000391,000000,000196,000000,000391,000000,000000,000000,0.41239
20:28:23.880,000389,000310,000241,000000,000390,000000,000197,000000,000391,000000,000000,000000,0.42330
20:28:24.384,000388,000309,000243,000000,000388,000000,000196,000000,000391,000000,000000,000000,0.41949
20:28:24.888,000387,000309,000243,000000,000391,000000,000197,000000,000391,000000,000000,000000,0.40442
20:28:25.392,000387,000307,000240,000000,000388,000000,000196,000000,000390,000000,000000,000000,0.39707
20:28:25.896,000388,000308,000241,000000,000389,000000,000197,000000,000390,000000,000000,000000,0.41768
20:28:26.400,000387,000311,000241,000000,000390,000000,000197,000000,000391,000000,000000,000000,0.41416
20:29:14.177,000387,000307,000243,000000,000388,000000,000197,000000,000392,000000,000000,000000,0.38619
20:29:14.679,000384,000308,000242,000000,000390,000000,000197,000000,000391,000000,000000,000000,0.42026
20:29:15.181,000387,000306,000239,000000,000388,000000,000197,000000,000391,000000,000000,000000,0.41250
20:29:15.683,000389,000309,000243,000000,000389,000000,000196,000000,000393,000000,000000,000000,0.40952
20:29:16.185,000388,000311,000242,000000,000391,000000,000197,000000,000391,000000,000000,000000,0.43131
20:29:16.688,000387,000309,000242,000000,000389,001033,000197,000000,000391,000000,000000,000000,0.43717
20:29:17.190,000387,000309,000242,000000,000389,000000,000197,000000,000390,000000,000000,000000,0.41374
20:29:17.692,000387,000311,000243,000000,000388,000000,000197,000000,000391,000000,000000,000000,0.42315
20:29:18.195,000388,000310,000242,000000,000389,000000,000196,000000,000392,000000,000000,000000,0.39816
20:29:18.697,000387,000309,000241,000000,000388,000000,000197,000000,000391,000000,000000,000000,0.42676
20:36:38.203,000391,000313,000246,000000,000392,000000,000198,000000,000393,000000,000000,000000,0.41414
20:36:38.720,000390,000310,000245,000000,000393,000000,000198,000000,000394,000000,000000,000000,0.41002
20:36:39.222,000392,000311,000244,000000,000393,000000,000198,000000,000393,000000,000000,000000,0.39803
20:36:39.724,000390,000312,000243,000000,000391,000000,000198,000000,000393,000000,000000,000000,0.40049
20:36:40.227,000388,000310,000242,000000,000391,000000,000198,000000,000393,000000,000000,000000,0.41360
20:36:40.729,000389,000309,000244,000000,000391,000000,000198,000000,000392,000000,000000,000000,0.39652
20:36:41.231,000389,000311,000244,000000,000390,000000,000197,000000,000393,000000,000000,000000,0.40305
20:36:41.733,000390,000311,000245,000000,000393,000000,000197,000000,000393,000000,000000,000000,0.43191
20:36:42.235,000391,000311,000244,000000,000392,000000,000197,000000,000393,000000,000000,000000,0.39970
20:36:42.737,000390,000310,000245,000000,000392,000000,000197,000000,000393,000000,000000,000000,0.41652
20:36:43.240,000391,000311,000243,000000,000393,000000,000198,000000,000392,000000,000000,000000,0.40429
20:36:43.750,000393,000311,000243,000000,000391,000000,000198,000000,000393,000000,000000,000000,0.39457
20:36:44.252,000390,000310,000244,000000,000393,000000,000197,000000,000393,000000,000000,000000,0.40204
20:36:44.754,000390,000310,000243,000000,000393,000000,000197,000000,000393,000000,000000,000000,0.41629
20:36:45.256,000391,000311,000244,000000,000390,000000,000197,000000,000393,000000,000000,000000,0.40861
20:36:45.758,000391,000309,000244,000000,000393,000000,000198,000000,000393,000000,000000,000000,0.39556
20:36:46.261,000390,000310,000244,000000,000393,000000,000198,000000,000393,000000,000000,000000,0.38348
20:36:46.763,000389,000310,000243,000000,000390,000000,000199,000000,000394,000000,000000,000000,0.42206
20:36:47.265,000390,000310,000243,000000,000390,000000,000197,000000,000394,000000,000000,000000,0.41000
20:36:47.767,000390,000310,000242,000000,000392,000000,000198,000000,000393,000000,000000,000000,0.39692
20:36:48.269,000389,000311,000244,000000,000391,000000,000198,000000,000392,000000,000000,000000,0.40486
20:36:48.774,000390,000310,000244,000000,000393,000000,000198,000000,000393,000000,000000,000000,0.41007
20:36:49.276,000390,000311,000244,000000,000393,000000,000197,000000,000393,000000,000000,000000,0.40905
20:36:49.778,000391,000311,000242,001034,000391,000000,000198,000000,000394,000000,000000,000000,0.41303
20:36:50.280,000390,000311,000244,000000,000392,000000,000197,000000,000393,000000,000000,000000,0.39379
20:36:50.782,000391,000311,000244,000000,000391,000000,000197,000000,000393,000000,000000,000000,0.41668
20:36:51.284,000389,000310,000243,000000,000391,000000,000198,000000,000394,000000,000000,000000,0.41353
20:36:51.786,000389,000308,000244,000000,000389,000000,000198,000000,000393,000000,000000,000000,0.40882
20:36:52.289,000388,000309,000243,000000,000390,000000,000197,000000,000393,000000,000000,000000,0.40530
20:36:52.791,000389,000311,000243,000000,000393,000000,000197,000000,000393,000000,000000,000000,0.41397
20:36:53.293,000393,000311,000244,000000,000390,000000,000198,000000,000393,000000,000000,000000,0.39133
20:36:53.798,000388,000310,000243,000000,000392,000000,000198,000000,000393,000000,000000,000000,0.39575
20:36:54.300,000389,000311,000244,000000,000391,000000,000198,000000,000393,000000,000000,000000,0.40370
20:36:54.802,000389,000312,000244,000000,000393,000000,000198,000000,000394,000000,000000,000000,0.41303
20:36:55.304,000389,000309,000244,000000,000392,000000,000197,000000,000393,000000,000000,000000,0.42057
20:36:55.806,000389,000311,000243,000000,000392,000000,000197,000000,000393,000000,000000,000000,0.40762
20:36:56.309,000390,000313,000245,000000,000392,000000,000198,000000,000394,000000,000000,000000,0.40608
20:36:56.811,000389,000309,000243,000000,000391,000000,000197,000000,000393,000000,000000,000000,0.43395
20:36:57.313,000389,000311,000242,000000,000391,000000,000198,000000,000393,000000,000000,000000,0.42173
20:36:57.815,000391,000309,000245,000000,000391,000000,000198,000000,000392,000000,000000,000000,0.39873
20:36:58.318,000390,000312,000244,000000,000393,000000,000198,000000,000392,000000,000000,000000,0.40645
20:36:58.823,000389,000311,000244,000000,000391,000000,000197,000000,000393,000000,000000,000000,0.42145
20:37:12.777,000390,000311,000244,000000,000394,000000,000198,000000,000393,000000,000000,000000,0.41372
20:37:13.279,000390,000309,000244,000000,000390,000000,000198,000000,000394,000000,000000,000000,0.39520
20:37:13.781,000390,000310,000244,000000,000391,000000,000198,000000,000393,000000,000000,000000,0.41326
20:37:14.283,000391,000310,000243,000000,000391,000000,000198,000000,000393,000000,000000,000000,0.41131
20:37:14.785,000390,000309,000243,000000,000392,000000,000198,000000,000393,000000,000000,000000,0.41980
20:37:15.287,000388,000311,000243,000000,000390,000000,000197,000000,000392,000000,000000,000000,0.42776
20:37:15.789,000391,000312,000244,000000,000390,000000,000197,000000,000393,000000,000000,000000,0.39108
20:37:16.291,000391,000311,000244,000000,000393,000000,000198,000000,000392,000000,000000,000000,0.42366
20:37:16.793,000390,000312,000244,000000,000393,000000,000198,000000,000393,000000,000000,000000,0.42170
20:37:17.296,000391,000312,000243,000000,000392,000000,000199,000000,000393,000000,000000,000000,0.39839
20:37:17.798,000391,000311,000242,000000,000391,000000,000197,000000,000393,000000,000000,000000,0.42708
20:37:18.308,000389,000310,000243,000000,000393,000000,000198,000000,000393,000000,000000,000000,0.40600